-3.202312297439924293e-01
-9.304425678536603073e-01
7.856843293998465594e-01
1.631099489664437074e-01
8.933655558896091975e-01
2.675152608800881460e-01
2.357779044614611852e-01
9.471017811145392429e-01
1.038212761672821394e+00
8.903561651594162907e-01
1.044841772017668147e+00
-3.931407779057449758e-02
-6.541896793225916440e-01
4.702880027580698119e-01
-1.423437025499048048e-01
6.768170924901912855e-01
4.181290008215312604e-01
7.678299263785515194e-01
-6.523370668798751382e-01
-5.968297499000883022e-01
-6.155937490441854010e-01
-5.581420287817486781e-01
1.113408614169699717e-01
-8.684873101900745240e-01
-8.994032537667826510e-01
-9.493731316737665793e-01
-5.457142470799816181e-01
-5.889027358479745899e-01
-6.422709913118609393e-01
7.855246281324728130e-01
5.339025560714860674e-01
1.075417586377749091e+00
1.782180920359408560e-01
-1.256311926920865574e-01
3.841398614324837979e-01
9.407259881945502222e-01
1.064037563333997127e-01
7.814359444514077380e-01
-4.712914181884144682e-01
6.977475178467575923e-01
-5.631223861843288603e-01
-1.780148844885118820e-01
-5.694510752372236029e-01
-6.497924969739519163e-01
3.786883432913725755e-01
9.668137213386205353e-01
7.197228270707698439e-01
4.398855558350636130e-01
9.207220908046961361e-01
-7.833973169606025522e-01
8.629081941171090619e-01
6.942661187057933558e-01
-1.009444564610699757e-01
1.369499860915213141e-02
3.071912495469547033e-01
2.670296888968889393e-01
4.409716344102702079e-01
-1.006151163084217703e+00
-5.360971403621128673e-01
1.023808452008746483e+00
1.040970881546265492e+00
-6.812396279371619734e-01
-8.919529579003602215e-01
-6.286758306537674201e-01
9.058150796712194364e-01
5.115043421532732282e-01
9.022726932244129472e-01
-6.666312557390809967e-01
5.304446952170005503e-01
6.612960073477176515e-01
-6.888790233616575165e-01
1.592386130328110605e-01
-9.175195495503380982e-01
9.781238848570508182e-01
7.292952573806648076e-01
5.201725577809134249e-01
2.852596886693123390e-01
-9.934794634599239949e-01
2.655795100307575818e-01
1.418852513177927821e-01
1.796134708339907071e-01
-7.471015845261277377e-01
-1.029868382858705189e+00
6.001245582385479338e-01
-1.994469416577810961e-01
-9.419504015644457606e-01
-2.917707415647186053e-01
7.915021286072327911e-01
9.318941842302801426e-01
-5.052327685192388174e-01
-7.942867687434302937e-01
-3.746026246602234266e-01
8.813171580436200969e-01
5.721939353034635745e-02
1.062211732417585708e+00
2.444303443604241011e-01
-1.128758630875408286e-01
-9.036740603760007318e-01
-1.012665877610238852e+00
6.983679689698614190e-01
-7.673462984099487239e-01
6.094217035240641345e-02
9.180893687066067343e-01
3.050646191806445917e-01
7.672496719798322928e-01
-9.990438181800183060e-01
-6.769531984812823255e-01
-2.765316083009921044e-01
7.728054722429362755e-01
-8.652013033355174798e-01
4.958105455340167111e-02
-9.205313913140411586e-01
4.670106727509040212e-01
6.895585773452802547e-01
-9.446707535164367009e-01
-9.294066868713546370e-01
4.372054276870109835e-01
1.239906176945808625e-01
-1.796313910583791085e-02
5.220450968889167598e-01
-4.527862126908210882e-01
1.700484185595072528e-01
9.301941259671764328e-03
-3.270140324081225458e-01
2.729758632478507252e-02
-3.333942668279927801e-01
-4.385892367973909245e-01
6.078438383993816085e-01
-7.647380486134389699e-01
1.054803650827854655e+00
1.931620260842771275e-01
1.166149672456253117e-01
-3.059083873384906838e-01
2.156204507713361807e-01
4.517518895834446435e-02
1.092012741660072783e-01
-9.539667130393398864e-01
-8.587688397600281576e-01
9.255541390507922017e-01
1.027253769474884670e+00
-5.758295232822021603e-01
-9.805331653121092117e-01
7.224004201470772824e-01
9.172140464548323990e-01
-6.772576541103607628e-01
-7.058400289099182601e-01
2.565238810443903894e-01
-7.035947227958629924e-01
-7.644021467111585810e-01
4.073448572569553505e-01
-1.056006576893278925e+00
-7.991473102531241324e-01
4.640332233836828024e-01
4.854532797276434053e-01
9.102022982819298891e-01
-7.355072090033125676e-01
-6.503897566507994554e-01
4.654888411409554561e-01
4.712048654721492369e-01
2.694024237755300866e-01
1.036992211161322786e-01
-1.561829076816074746e-01
1.032498517210743483e+00
6.410369500537324572e-02
6.335888304833314777e-01
-1.004408674537789814e+00
-6.953670637065059168e-01
-3.644551180174246952e-01
9.044399395826034915e-01
-6.722706507562552503e-01
2.500329730062134104e-01
9.055976643340590826e-01
5.471793374170346169e-01
4.411131800783816281e-01
7.471039980547918846e-01
-7.301339185403854515e-01
-3.282570217751081820e-01
7.366435285052673754e-01
-1.354212325149681817e-01
-6.709524987550716801e-01
4.494025130675770308e-02
4.637847621328745618e-01
-6.561988994116176865e-01
7.400120765870372708e-01
2.766478917093699863e-01
-9.026164904293150215e-01
-1.048437820125226239e+00
4.174763448314813274e-01
-6.426469803096672706e-01
2.959579922843345035e-01
7.963466268487060518e-01
-9.638243642225781116e-01
4.976907381367112748e-02
8.461325998787785352e-01
7.001941989726202520e-01
2.990366771271948387e-01
1.267405162669743568e-01
-6.547081406788395341e-01
2.773427352547628288e-01
1.041523509758823796e+00
